ts=2026-07-21 18:29:52.464843
ts=2026-07-21 18:51:06.467161
ts=2026-07-21 19:09:02.482160
